  0.0000000000000000e+00
  5.0000000000000001e-03
  1.0000000000000000e-02
  1.4999999999999999e-02
  2.0000000000000000e-02
  2.5000000000000001e-02
  2.9999999999999999e-02
  3.5000000000000003e-02
  4.0000000000000001e-02
  4.4999999999999998e-02
  5.0000000000000003e-02
  5.5000000000000000e-02
  5.9999999999999998e-02
  6.5000000000000002e-02
  7.0000000000000007e-02
  7.4999999999999997e-02
  8.0000000000000002e-02
  8.5000000000000006e-02
  8.9999999999999997e-02
  9.5000000000000001e-02
  1.0000000000000001e-01
  1.0500000000000000e-01
  1.1000000000000000e-01
  1.1500000000000000e-01
  1.2000000000000000e-01
  1.2500000000000000e-01
  1.3000000000000000e-01
  1.3500000000000001e-01
  1.4000000000000001e-01
  1.4499999999999999e-01
  1.4999999999999999e-01
  1.5500000000000000e-01
  1.6000000000000000e-01
  1.6500000000000001e-01
  1.7000000000000001e-01
  1.7500000000000002e-01
  1.7999999999999999e-01
  1.8500000000000000e-01
  1.9000000000000000e-01
  1.9500000000000001e-01
  2.0000000000000001e-01
  2.0500000000000002e-01
  2.0999999999999999e-01
  2.1500000000000000e-01
  2.2000000000000000e-01
  2.2500000000000001e-01
  2.3000000000000001e-01
  2.3500000000000001e-01
  2.3999999999999999e-01
  2.4500000000000000e-01
  2.5000000000000000e-01
  2.5500000000000000e-01
  2.6000000000000001e-01
  2.6500000000000001e-01
  2.7000000000000002e-01
  2.7500000000000002e-01
  2.8000000000000003e-01
  2.8500000000000003e-01
  2.8999999999999998e-01
  2.9499999999999998e-01
  2.9999999999999999e-01
  3.0499999999999999e-01
  3.1000000000000000e-01
  3.1500000000000000e-01
  3.2000000000000001e-01
  3.2500000000000001e-01
  3.3000000000000002e-01
  3.3500000000000002e-01
  3.4000000000000002e-01
  3.4500000000000003e-01
  3.5000000000000003e-01
  3.5499999999999998e-01
  3.5999999999999999e-01
  3.6499999999999999e-01
  3.7000000000000000e-01
  3.7500000000000000e-01
  3.8000000000000000e-01
  3.8500000000000001e-01
  3.9000000000000001e-01
  3.9500000000000002e-01
  4.0000000000000002e-01
  4.0500000000000003e-01
  4.1000000000000003e-01
  4.1500000000000004e-01
  4.1999999999999998e-01
  4.2499999999999999e-01
  4.2999999999999999e-01
  4.3500000000000000e-01
  4.4000000000000000e-01
  4.4500000000000001e-01
  4.5000000000000001e-01
  4.5500000000000002e-01
  4.6000000000000002e-01
  4.6500000000000002e-01
  4.7000000000000003e-01
  4.7500000000000003e-01
  4.7999999999999998e-01
  4.8499999999999999e-01
  4.8999999999999999e-01
  4.9500000000000000e-01
  5.0000000000000000e-01
  5.0500000000000000e-01
  5.1000000000000001e-01
  5.1500000000000001e-01
  5.2000000000000002e-01
  5.2500000000000002e-01
  5.3000000000000003e-01
  5.3500000000000003e-01
  5.4000000000000004e-01
  5.4500000000000004e-01
  5.5000000000000004e-01
  5.5500000000000005e-01
  5.6000000000000005e-01
  5.6500000000000006e-01
  5.7000000000000006e-01
  5.7500000000000007e-01
  5.7999999999999996e-01
  5.8499999999999996e-01
  5.8999999999999997e-01
  5.9499999999999997e-01
  5.9999999999999998e-01
  6.0499999999999998e-01
  6.0999999999999999e-01
  6.1499999999999999e-01
  6.2000000000000000e-01
  6.2500000000000000e-01
  6.3000000000000000e-01
  6.3500000000000001e-01
  6.4000000000000001e-01
  6.4500000000000002e-01
  6.5000000000000002e-01
  6.5500000000000003e-01
  6.6000000000000003e-01
  6.6500000000000004e-01
  6.7000000000000004e-01
  6.7500000000000004e-01
  6.8000000000000005e-01
  6.8500000000000005e-01
  6.9000000000000006e-01
  6.9500000000000006e-01
  7.0000000000000007e-01
  7.0499999999999996e-01
  7.0999999999999996e-01
  7.1499999999999997e-01
  7.1999999999999997e-01
  7.2499999999999998e-01
  7.2999999999999998e-01
  7.3499999999999999e-01
  7.3999999999999999e-01
  7.4500000000000000e-01
  7.5000000000000000e-01
  7.5500000000000000e-01
  7.6000000000000001e-01
  7.6500000000000001e-01
  7.7000000000000002e-01
  7.7500000000000002e-01
  7.8000000000000003e-01
  7.8500000000000003e-01
  7.9000000000000004e-01
  7.9500000000000004e-01
  8.0000000000000004e-01
  8.0500000000000005e-01
  8.1000000000000005e-01
  8.1500000000000006e-01
  8.2000000000000006e-01
  8.2500000000000007e-01
  8.3000000000000007e-01
  8.3499999999999996e-01
  8.3999999999999997e-01
  8.4499999999999997e-01
  8.4999999999999998e-01
  8.5499999999999998e-01
  8.5999999999999999e-01
  8.6499999999999999e-01
  8.7000000000000000e-01
  8.7500000000000000e-01
  8.8000000000000000e-01
  8.8500000000000001e-01
  8.9000000000000001e-01
  8.9500000000000002e-01
  9.0000000000000002e-01
  9.0500000000000003e-01
  9.1000000000000003e-01
  9.1500000000000004e-01
  9.2000000000000004e-01
  9.2500000000000004e-01
  9.3000000000000005e-01
  9.3500000000000005e-01
  9.4000000000000006e-01
  9.4500000000000006e-01
  9.5000000000000007e-01
  9.5500000000000007e-01
  9.5999999999999996e-01
  9.6499999999999997e-01
  9.6999999999999997e-01
  9.7499999999999998e-01
  9.7999999999999998e-01
  9.8499999999999999e-01
  9.8999999999999999e-01
  9.9500000000000000e-01
  1.0000000000000000e+00
